97
93
68
31
29
23
77
33
84
14
23
4
28
5
93
45
99
59
30
24
89
75
86
25
57
49
75
62
55
97
39
52
91
59
35
72
34
13
5
19
79
81
75
7
86
68
5
37
80
35
62
69
63
48
46
72
97
73
34
4
71
25
8
62
84
95
86
19
60
91
90
39
72
17
99
11
38
56
48
18
43
62
39
6
62
38
78
11
63
65
67
34
42
75
48
79
23
34
98
83
78
40
23
2
57
74
13
95
30
14
65
25
76
57
84
91
47
14
2
10
79
22
97
74
97
45
53
72
32
51
56
10
43
31
12
52
5
78
0
87
92
65
12
20
74
48
11
21
63
66
84
42
88
81
68
37
26
21
10
10
24
66
72
67
97
37
20
54
15
72
93
59
37
57
79
64
6
91
37
69
9
21
63
97
2
32
34
81
53
44
43
78
10
16
97
59
5
69
13
72
41
6
31
31
64
62
95
70
5
84
91
14
6
54
11
60
86
46
93
40
90
37
70
53
5
67
12
10
37
78
82
78
36
65
61
52
27
8
22
33
93
13
47
99
20
59
11
6
57
5
98
99
94
68
52
99
88
17
61
25
47
43
55
83
60
17
36
87
77
10
72
70
76
72
21
96
83
33
2
40
90
53
39
84
21
44
35
9
61
96
86
60
39
94
43
51
63
31
38
40
42
63
11
70
35
32
66
18
17
20
58
7
73
49
43
47
93
78
8
6
74
95
66
65
89
62
16
52
93
7
44
87
70
55
57
5
40
75
75
57
48
33
65
73
82
60
72
28
39
81
86
13
76
53
79
17
67
47
21
12
54
65
0
76
73
9
81
13
37
56
70
37
41
87
10
76
48
83
56
87
64
42
52
92
47
31
61
14
79
34
27
85
99
79
62
72
40
95
37
29
52
8
66
45
47
29
21
95
12
29
34
28
72
87
72
19
70
85
86
1
19
65
87
70
96
1
95
36
96
32
18
0
92
36
46
40
65
19
87
29
49
74
9
73
13
33
92
83
18
78
37
37
95
24
60
91
25
55
80
73
87
98
74
32
34
72
24
52
43
11
81
92
37
43
65
50
76
10
86
95
40
23
84
36
99
44
27
76
99
7
49
39
5
75
71
92
47
47
44
91
58
77
35
48
20
1
98
97
63
36
44
3
59
28
39
58
25
67
86
24
26
36
15
84
11
38
76
11
85
72
2
96
49
37
44
22
90
94
71
5
31
15
9
42
95
48
53
20
67
39
97
94
27
12
78
39
3
6
2
40
78
4
36
79
93
32
53
36
79
24
41
62
39
2
4
35
51
9
7
70
49
4
16
76
69
94
67
72
52
69
12
30
25
1
62
71
85
15
7
64
92
0
78
83
3
83
70
6
92
78
76
93
82
93
70
51
39
89
75
92
59
40
74
84
41
88
7
78
56
66
43
48
67
21
31
22
56
2
28
1
32
56
94
14
1
16
18
93
6
45
37
17
85
11
53
78
52
61
57
8
27
52
56
94
25
39
68
34
93
96
35
25
5
81
40
6
98
10
51
56
55
88
73
93
52
26
71
4
87
80
12
15
32
20
61
10
59
30
44
53
78
31
78
83
12
70
42
62
32
93
18
88
82
91
33
34
18
4
38
57
37
2
72
21
22
86
31
81
68
27
86
46
58
17
30
71
87
24
33
20
17
52
60
51
95
93
37
13
49
75
71
86
29
95
8
51
33
91
85
1
19
23
48
77
40
30
0
80
6
86
0
23
38
12
27
85
5
64
99
6
92
22
93
21
69
53
25
55
96
62
56
15
85
56
45
26
38
97
6
44
83
58
20
21
22
47
7
27
63
58
85
55
32
30
29
53
83
6
8
80
68
17
47
53
73
44
31
12
42
89
8
25
99
28
99
21
27
58
0
91
16
86
98
0
16
79
5
52
85
14
84
53
31
31
59
56
28
42
20
70
84
29
95
83
9
94
5
37
52
57
80
20
43
30
72
12
10
78
64
95
44
48
1
27
31
12
83
59
6
56
81
90
37
77
26
46
23
83
35
28
40
67
0
36
98
25
48
8
3
12
55
47
12
8
26
95
72
9
7
79
17
88
21
54
17
47
53
41
82
88
21
23
8
73
11
6
98
59
66
1
23
73
0
87
34
26
82
6
88
89
37
5
78
59
12
95
58
65
88
41
5
61
16
13
35
27
71
33
38
37
87
13
63
39
0
97
18
34
55
6
24
93
63
54
4
27
1
14
92
90
7
98
3
75
11
38
54
35
72
92
72
11
5
87
50
57
36
68
92
92
26
16
37
42
22
93
69
23
7
14
65
67
12
69
42
75
7
97
10
31
41
35
42
99
74
45
56
11
65
48
55
44
16
92
86
90
37
7
14
44
21
31
63
85
0
58
61
60
55
23
91
48
10
86
47
85
83
56
96
48
56
51
44
25
95
30
15
32
90
29
28
11
61
92
49
13
50
10
73
57
85
17
57
96
55
57
33
38
13
29
38
21
32
83
46
79
65
62
11
55
43
91
19
56
35
68
70
85
30
95
94
67
12
52
63
67
61
96
5
74
77
96
95
61
79
42
40
96
56
3
4
99
47
23
56
82
43
78
20
25
73
14
92
86
18
8
5
79
56
63
5
86
59
1
99
90
95
40
86
3
95
90
2
42
65
10
25
60
88
97
85
14
11
30
52
82
38
57
61
46
72
19
32
31
72
32
73
19
24
12
22
71
54
24
66
20
87
43
32
75
40
18
41
51
0
93
85
38
3
99
36
75
18
69
7
90
53
32
9
77
44
31
0
51
7
66
71
94
9
55
22
49
73
63
53
25
9
38
63
12
37
0
87
7
21
46
97
74
79
58
3
75
41
3
26
1
70
49
47
79
5
69
81
30
85
34
56
94
24
71
58
14
23
45
21
96
44
71
70
23
81
73
50
75
29
29
76
99
30
23
30
35
45
11
18
30
97
26
76
74
49
86
40
25
31
13
21
75
36
92
50
18
17
53
45
46
82
21
97
12
96
80
0
41
43
70
23
93
48
51
67
97
37
59
22
21
72
44
48
9
88
51
79
57
4
24
56
86
97
5
50
93
85
2
87
29
72
10
22
20
62
41
70
51
0
92
24
72
88
73
33
28
24
12
38
28
88
94
66
37
51
68
31
37
71
70
18
95
80
40
16
94
33
86
98
33
30
22
57
71
95
91
51
71
55
89
51
96
35
69
33
87
38
16
76
61
86
94
56
19
86
24
13
19
62
63
4
45
86
61
16
33
4
19
5
60
9
56
56
96
78
41
83
16
58
11
29
96
57
37
15
43
14
81
14
76
44
18
21
30
80
89
64
84
9
21
96
70
29
4
66
7
46
2
75
56
13
4
4
71
94
20
66
8
1
81
36
97
99
58
28
31
99
44
16
60
65
64
30
94
69
49
54
67
51
29
23
16
86
27
39
80
99
58
88
52
39
24
50
90
34
30
22
86
74
90
46
91
54
29
37
23
78
91
90
81
73
65
97
59
45
89
39
44
47
79
49
86
55
99
76
42
29
50
28
55
40
26
98
95
7
35
70
85
79
61
66
52
78
16
11
23
5
2
20
52
33
69
90
88
68
18
82
49
69
10
56
9
89
54
