13
11
16
2
87
88
80
3
5
9
79
18
8
19
71
49
73
6
83
42
70
83
8
77
16
56
59
85
35
5
74
0
16
90
54
56
31
35
11
36
44
42
54
5
61
77
6
87
84
89
29
6
24
90
35
92
46
95
78
33
52
4
85
21
46
39
77
77
74
88
66
71
30
20
28
91
98
34
78
34
75
60
40
99
50
75
92
48
22
22
33
75
78
18
96
24
57
73
54
32
13
20
55
95
92
83
38
42
17
69
76
92
29
68
43
31
44
87
31
18
61
64
93
39
82
41
16
39
14
70
23
79
42
78
74
34
61
65
77
30
34
5
74
15
74
18
46
70
57
29
88
19
93
82
10
27
23
78
18
90
0
94
21
42
24
96
29
38
61
6
68
47
63
43
62
37
13
60
7
70
89
96
41
34
30
52
13
5
82
31
47
83
77
69
77
2
17
6
40
30
64
8
77
28
3
39
65
16
99
25
87
88
73
80
74
3
84
87
60
67
18
8
2
96
77
79
50
94
86
90
24
50
50
53
30
54
92
96
22
91
73
61
31
46
42
5
1
26
92
13
45
62
21
47
10
50
27
60
96
65
2
72
67
53
25
98
59
17
46
81
60
19
43
91
17
85
48
18
11
40
31
9
3
5
56
65
55
83
26
4
0
28
76
68
33
2
66
92
71
12
74
32
31
17
75
0
54
24
18
17
64
1
26
19
58
83
37
14
18
63
70
19
43
46
87
77
48
53
21
20
17
95
4
0
64
79
0
18
3
18
36
20
71
62
91
30
97
28
96
16
43
66
35
87
12
22
16
13
27
89
85
44
37
89
44
1
68
96
72
24
14
60
44
37
74
87
19
72
16
15
88
59
33
75
98
98
49
66
11
76
56
96
72
93
37
68
46
5
64
70
29
30
30
25
19
5
13
39
77
29
54
17
40
40
92
91
38
41
57
49
69
65
97
93
10
86
13
9
91
29
79
73
59
10
98
30
67
63
69
96
92
76
13
85
16
57
28
54
50
85
55
71
3
4
64
13
90
29
74
33
58
54
6
69
16
57
99
83
20
69
79
65
45
44
2
13
53
30
67
3
67
74
74
22
30
90
88
20
71
62
5
29
16
64
50
32
21
49
67
93
70
98
10
67
94
64
80
47
46
99
50
14
73
76
36
3
18
24
75
89
87
81
70
55
97
20
40
18
22
7
63
92
58
26
60
52
42
92
0
89
92
2
3
17
31
91
21
49
68
48
91
55
81
13
62
78
86
2
48
60
62
64
52
20
42
64
24
84
9
24
73
1
79
28
18
10
20
91
11
88
40
54
95
73
68
57
52
6
12
52
66
26
16
70
98
58
87
22
43
96
99
16
97
78
97
15
40
17
59
51
57
51
58
52
24
26
61
28
84
25
81
50
51
97
20
1
56
7
24
51
3
75
19
52
53
16
20
45
33
79
96
90
30
54
94
6
32
8
35
68
33
16
18
37
65
91
38
73
50
62
24
54
89
44
58
42
60
78
39
46
57
36
88
39
42
35
46
27
43
33
95
76
49
66
65
66
57
4
40
59
18
64
13
8
60
24
2
73
2
42
71
12
30
59
51
24
94
49
3
37
82
51
66
83
17
31
50
26
87
42
85
6
6
51
14
19
75
16
44
29
10
15
41
40
74
93
17
21
94
20
10
77
71
76
60
88
60
62
66
47
4
52
53
63
55
19
34
30
88
78
11
98
93
53
91
67
98
8
88
92
28
99
69
0
27
82
40
39
44
7
87
1
11
92
64
66
12
98
48
52
76
59
2
69
64
93
88
62
53
29
55
82
28
76
34
7
58
26
47
55
85
86
56
96
78
20
14
42
70
14
94
98
26
97
67
90
42
55
5
96
84
60
30
64
36
16
24
47
94
71
2
80
57
58
28
87
30
43
30
0
9
76
98
35
25
17
78
68
24
83
16
61
95
98
77
83
66
1
30
60
24
84
92
33
42
21
21
72
16
3
24
25
79
74
13
5
91
43
25
68
78
41
29
25
91
6
8
9
60
91
69
84
75
14
70
18
35
91
42
3
94
19
80
25
93
45
30
37
88
55
57
18
48
86
43
39
44
52
0
4
43
70
41
70
36
11
88
23
54
83
26
0
54
6
25
99
52
56
36
92
63
93
63
12
31
6
3
76
58
4
32
53
26
25
24
62
88
64
85
42
99
63
94
53
69
20
53
73
28
41
18
91
87
81
55
70
39
11
98
98
15
31
3
93
8
79
7
97
96
44
91
47
7
86
1
28
58
6
54
38
99
24
81
38
57
37
9
96
48
7
46
15
90
50
60
99
81
67
48
29
11
39
77
70
77
30
98
87
88
4
25
87
28
59
78
85
96
87
82
96
94
28
63
85
30
23
36
64
42
84
93
5
75
70
75
5
52
25
92
40
82
70
80
10
29
58
48
77
45
82
25
91
10
88
28
93
63
16
57
5
0
50
62
28
73
89
33
77
66
77
18
48
47
50
11
28
8
59
5
5
41
82
48
3
70
77
96
85
45
5
90
46
8
4
26
33
93
59
10
60
36
80
8
36
30
71
64
90
30
22
95
23
4
96
79
27
25
27
12
70
33
55
16
41
11
94
26
5
53
36
17
42
17
77
78
99
49
94
90
79
68
37
55
25
33
34
4
58
61
68
29
46
75
97
39
87
92
65
92
97
54
61
39
71
38
69
22
87
16
12
19
36
50
26
61
35
60
17
94
73
86
75
20
61
72
11
48
16
77
92
14
31
5
5
54
44
75
76
31
91
89
2
27
91
28
41
26
40
10
72
14
96
47
86
10
72
97
10
88
26
55
54
57
60
60
63
4
35
40
88
78
81
42
57
24
71
50
2
63
61
27
77
9
74
15
71
98
13
82
39
91
89
93
1
49
5
64
6
92
56
46
22
89
88
80
13
11
82
68
75
43
95
4
5
21
20
76
72
85
10
11
76
99
56
77
1
62
94
59
6
50
5
29
92
45
9
57
9
43
25
84
87
72
88
44
94
60
20
66
97
83
29
74
82
85
3
35
99
49
46
58
52
51
87
44
49
48
1
58
91
79
94
30
51
82
74
97
95
47
63
92
30
44
18
64
82
74
0
33
23
98
91
27
2
78
71
51
26
25
61
70
56
55
0
7
89
27
5
84
74
20
29
4
65
47
68
47
73
20
80
49
19
72
76
21
2
0
24
81
77
85
51
33
40
3
40
81
30
97
66
4
18
47
60
35
94
81
82
68
53
14
69
24
38
45
97
41
97
21
74
74
58
25
7
50
80
0
32
11
97
50
67
67
97
28
2
43
9
36
63
62
51
32
87
41
30
84
34
27
58
8
2
16
85
61
67
66
13
51
29
11
1
96
30
50
24
33
93
33
69
57
48
72
41
35
14
71
71
48
99
29
9
53
98
94
14
17
12
80
68
41
43
21
38
73
71
62
6
16
48
28
25
96
52
67
83
66
38
6
67
37
36
76
90
34
22
57
3
35
37
71
76
32
44
66
5
15
81
64
83
81
44
9
29
96
76
12
63
14
18
82
4
6
10
46
92
32
3
95
67
92
66
96
24
62
14
82
77
47
46
61
28
90
22
57
38
98
21
1
12
